HyperCLaw-V1.1
60
density
xmom
ymom
zmom
rho_E
rho_e
Temp
rho_H2
rho_H
rho_AR
rho_N2
rho_HE
rho_O
rho_OH
rho_HCO
rho_HO2
rho_H2O
rho_CO
rho_O2
rho_H2O2
rho_CO2
pressure
kineng
enstrophy
soundspeed
MachNumber
entropy
magvort
divu
eint_E
eint_e
logden
x_velocity
y_velocity
z_velocity
magvel
radvel
magmom
cp
cv
x
y
z
viscosity
bulk_viscosity
conductivity
D(H2)
D(H)
D(AR)
D(N2)
D(HE)
D(O)
D(OH)
D(HCO)
D(HO2)
D(H2O)
D(CO)
D(O2)
D(H2O2)
D(CO2)
3
0
1
0 0 0 
0.45000000000000001 0.059999999999999998 0.0025000000000000001 
2 
((0,0,0) (359,47,1) (0,0,0)) ((0,0,0) (719,95,3) (0,0,0)) 
0 0 
0.00125 0.00125 0.00125 
0.00062500000000000001 0.00062500000000000001 0.00062500000000000001 
0
0
0 270 0
0
0 0.01
0 0.01
0 0.0025000000000000001
0.01 0.02
0 0.01
0 0.0025000000000000001
0 0.01
0.01 0.02
0 0.0025000000000000001
0.01 0.02
0.01 0.02
0 0.0025000000000000001
0.02 0.029999999999999999
0 0.01
0 0.0025000000000000001
0.029999999999999999 0.040000000000000001
0 0.01
0 0.0025000000000000001
0.02 0.029999999999999999
0.01 0.02
0 0.0025000000000000001
0.029999999999999999 0.040000000000000001
0.01 0.02
0 0.0025000000000000001
0 0.01
0.02 0.029999999999999999
0 0.0025000000000000001
0.01 0.02
0.02 0.029999999999999999
0 0.0025000000000000001
0 0.01
0.029999999999999999 0.040000000000000001
0 0.0025000000000000001
0.01 0.02
0.029999999999999999 0.040000000000000001
0 0.0025000000000000001
0.02 0.029999999999999999
0.02 0.029999999999999999
0 0.0025000000000000001
0.029999999999999999 0.040000000000000001
0.02 0.029999999999999999
0 0.0025000000000000001
0.02 0.029999999999999999
0.029999999999999999 0.040000000000000001
0 0.0025000000000000001
0.029999999999999999 0.040000000000000001
0.029999999999999999 0.040000000000000001
0 0.0025000000000000001
0.040000000000000001 0.050000000000000003
0 0.01
0 0.0025000000000000001
0.050000000000000003 0.059999999999999998
0 0.01
0 0.0025000000000000001
0.040000000000000001 0.050000000000000003
0.01 0.02
0 0.0025000000000000001
0.050000000000000003 0.059999999999999998
0.01 0.02
0 0.0025000000000000001
0.059999999999999998 0.070000000000000007
0 0.01
0 0.0025000000000000001
0.070000000000000007 0.080000000000000002
0 0.01
0 0.0025000000000000001
0.059999999999999998 0.070000000000000007
0.01 0.02
0 0.0025000000000000001
0.070000000000000007 0.080000000000000002
0.01 0.02
0 0.0025000000000000001
0.040000000000000001 0.050000000000000003
0.02 0.029999999999999999
0 0.0025000000000000001
0.050000000000000003 0.059999999999999998
0.02 0.029999999999999999
0 0.0025000000000000001
0.040000000000000001 0.050000000000000003
0.029999999999999999 0.040000000000000001
0 0.0025000000000000001
0.050000000000000003 0.059999999999999998
0.029999999999999999 0.040000000000000001
0 0.0025000000000000001
0.059999999999999998 0.070000000000000007
0.02 0.029999999999999999
0 0.0025000000000000001
0.070000000000000007 0.080000000000000002
0.02 0.029999999999999999
0 0.0025000000000000001
0.059999999999999998 0.070000000000000007
0.029999999999999999 0.040000000000000001
0 0.0025000000000000001
0.070000000000000007 0.080000000000000002
0.029999999999999999 0.040000000000000001
0 0.0025000000000000001
0.080000000000000002 0.089999999999999997
0 0.01
0 0.0025000000000000001
0.089999999999999997 0.10000000000000001
0 0.01
0 0.0025000000000000001
0.080000000000000002 0.089999999999999997
0.01 0.02
0 0.0025000000000000001
0.089999999999999997 0.10000000000000001
0.01 0.02
0 0.0025000000000000001
0.10000000000000001 0.11
0 0.01
0 0.0025000000000000001
0.11 0.12
0 0.01
0 0.0025000000000000001
0.10000000000000001 0.11
0.01 0.02
0 0.0025000000000000001
0.11 0.12
0.01 0.02
0 0.0025000000000000001
0.080000000000000002 0.089999999999999997
0.02 0.029999999999999999
0 0.0025000000000000001
0.089999999999999997 0.10000000000000001
0.02 0.029999999999999999
0 0.0025000000000000001
0.080000000000000002 0.089999999999999997
0.029999999999999999 0.040000000000000001
0 0.0025000000000000001
0.089999999999999997 0.10000000000000001
0.029999999999999999 0.040000000000000001
0 0.0025000000000000001
0.10000000000000001 0.11
0.02 0.029999999999999999
0 0.0025000000000000001
0.11 0.12
0.02 0.029999999999999999
0 0.0025000000000000001
0.10000000000000001 0.11
0.029999999999999999 0.040000000000000001
0 0.0025000000000000001
0.11 0.12
0.029999999999999999 0.040000000000000001
0 0.0025000000000000001
0.12 0.13
0 0.01
0 0.0025000000000000001
0.13 0.14000000000000001
0 0.01
0 0.0025000000000000001
0.12 0.13
0.01 0.02
0 0.0025000000000000001
0.13 0.14000000000000001
0.01 0.02
0 0.0025000000000000001
0.14000000000000001 0.14999999999999999
0 0.01
0 0.0025000000000000001
0.14999999999999999 0.16
0 0.01
0 0.0025000000000000001
0.14000000000000001 0.14999999999999999
0.01 0.02
0 0.0025000000000000001
0.14999999999999999 0.16
0.01 0.02
0 0.0025000000000000001
0.12 0.13
0.02 0.029999999999999999
0 0.0025000000000000001
0.13 0.14000000000000001
0.02 0.029999999999999999
0 0.0025000000000000001
0.12 0.13
0.029999999999999999 0.040000000000000001
0 0.0025000000000000001
0.13 0.14000000000000001
0.029999999999999999 0.040000000000000001
0 0.0025000000000000001
0.14000000000000001 0.14999999999999999
0.02 0.029999999999999999
0 0.0025000000000000001
0.14999999999999999 0.16
0.02 0.029999999999999999
0 0.0025000000000000001
0.14000000000000001 0.14999999999999999
0.029999999999999999 0.040000000000000001
0 0.0025000000000000001
0.14999999999999999 0.16
0.029999999999999999 0.040000000000000001
0 0.0025000000000000001
0.16 0.17000000000000001
0 0.01
0 0.0025000000000000001
0.17000000000000001 0.17999999999999999
0 0.01
0 0.0025000000000000001
0.16 0.17000000000000001
0.01 0.02
0 0.0025000000000000001
0.17000000000000001 0.17999999999999999
0.01 0.02
0 0.0025000000000000001
0.17999999999999999 0.19
0 0.01
0 0.0025000000000000001
0.19 0.20000000000000001
0 0.01
0 0.0025000000000000001
0.17999999999999999 0.19
0.01 0.02
0 0.0025000000000000001
0.19 0.20000000000000001
0.01 0.02
0 0.0025000000000000001
0.16 0.17000000000000001
0.02 0.029999999999999999
0 0.0025000000000000001
0.17000000000000001 0.17999999999999999
0.02 0.029999999999999999
0 0.0025000000000000001
0.16 0.17000000000000001
0.029999999999999999 0.040000000000000001
0 0.0025000000000000001
0.17000000000000001 0.17999999999999999
0.029999999999999999 0.040000000000000001
0 0.0025000000000000001
0.17999999999999999 0.19
0.02 0.029999999999999999
0 0.0025000000000000001
0.19 0.20000000000000001
0.02 0.029999999999999999
0 0.0025000000000000001
0.17999999999999999 0.19
0.029999999999999999 0.040000000000000001
0 0.0025000000000000001
0.19 0.20000000000000001
0.029999999999999999 0.040000000000000001
0 0.0025000000000000001
0.20000000000000001 0.20999999999999999
0 0.01
0 0.0025000000000000001
0.20999999999999999 0.22
0 0.01
0 0.0025000000000000001
0.20000000000000001 0.20999999999999999
0.01 0.02
0 0.0025000000000000001
0.20999999999999999 0.22
0.01 0.02
0 0.0025000000000000001
0.22 0.23000000000000001
0 0.01
0 0.0025000000000000001
0.23000000000000001 0.23999999999999999
0 0.01
0 0.0025000000000000001
0.22 0.23000000000000001
0.01 0.02
0 0.0025000000000000001
0.23000000000000001 0.23999999999999999
0.01 0.02
0 0.0025000000000000001
0.20000000000000001 0.20999999999999999
0.02 0.029999999999999999
0 0.0025000000000000001
0.20999999999999999 0.22
0.02 0.029999999999999999
0 0.0025000000000000001
0.20000000000000001 0.20999999999999999
0.029999999999999999 0.040000000000000001
0 0.0025000000000000001
0.20999999999999999 0.22
0.029999999999999999 0.040000000000000001
0 0.0025000000000000001
0.22 0.23000000000000001
0.02 0.029999999999999999
0 0.0025000000000000001
0.23000000000000001 0.23999999999999999
0.02 0.029999999999999999
0 0.0025000000000000001
0.22 0.23000000000000001
0.029999999999999999 0.040000000000000001
0 0.0025000000000000001
0.23000000000000001 0.23999999999999999
0.029999999999999999 0.040000000000000001
0 0.0025000000000000001
0.23999999999999999 0.25
0 0.01
0 0.0025000000000000001
0.25 0.26000000000000001
0 0.01
0 0.0025000000000000001
0.23999999999999999 0.25
0.01 0.02
0 0.0025000000000000001
0.25 0.26000000000000001
0.01 0.02
0 0.0025000000000000001
0.26000000000000001 0.27000000000000002
0 0.01
0 0.0025000000000000001
0.27000000000000002 0.28000000000000003
0 0.01
0 0.0025000000000000001
0.26000000000000001 0.27000000000000002
0.01 0.02
0 0.0025000000000000001
0.27000000000000002 0.28000000000000003
0.01 0.02
0 0.0025000000000000001
0.23999999999999999 0.25
0.02 0.029999999999999999
0 0.0025000000000000001
0.25 0.26000000000000001
0.02 0.029999999999999999
0 0.0025000000000000001
0.23999999999999999 0.25
0.029999999999999999 0.040000000000000001
0 0.0025000000000000001
0.25 0.26000000000000001
0.029999999999999999 0.040000000000000001
0 0.0025000000000000001
0.26000000000000001 0.27000000000000002
0.02 0.029999999999999999
0 0.0025000000000000001
0.27000000000000002 0.28000000000000003
0.02 0.029999999999999999
0 0.0025000000000000001
0.26000000000000001 0.27000000000000002
0.029999999999999999 0.040000000000000001
0 0.0025000000000000001
0.27000000000000002 0.28000000000000003
0.029999999999999999 0.040000000000000001
0 0.0025000000000000001
0.28000000000000003 0.28999999999999998
0 0.01
0 0.0025000000000000001
0.28999999999999998 0.29999999999999999
0 0.01
0 0.0025000000000000001
0.28000000000000003 0.28999999999999998
0.01 0.02
0 0.0025000000000000001
0.28999999999999998 0.29999999999999999
0.01 0.02
0 0.0025000000000000001
0.29999999999999999 0.31
0 0.01
0 0.0025000000000000001
0.31 0.32000000000000001
0 0.01
0 0.0025000000000000001
0.29999999999999999 0.31
0.01 0.02
0 0.0025000000000000001
0.31 0.32000000000000001
0.01 0.02
0 0.0025000000000000001
0.28000000000000003 0.28999999999999998
0.02 0.029999999999999999
0 0.0025000000000000001
0.28999999999999998 0.29999999999999999
0.02 0.029999999999999999
0 0.0025000000000000001
0.28000000000000003 0.28999999999999998
0.029999999999999999 0.040000000000000001
0 0.0025000000000000001
0.28999999999999998 0.29999999999999999
0.029999999999999999 0.040000000000000001
0 0.0025000000000000001
0.29999999999999999 0.31
0.02 0.029999999999999999
0 0.0025000000000000001
0.31 0.32000000000000001
0.02 0.029999999999999999
0 0.0025000000000000001
0.29999999999999999 0.31
0.029999999999999999 0.040000000000000001
0 0.0025000000000000001
0.31 0.32000000000000001
0.029999999999999999 0.040000000000000001
0 0.0025000000000000001
0.32000000000000001 0.33000000000000002
0 0.01
0 0.0025000000000000001
0.33000000000000002 0.34000000000000002
0 0.01
0 0.0025000000000000001
0.32000000000000001 0.33000000000000002
0.01 0.02
0 0.0025000000000000001
0.33000000000000002 0.34000000000000002
0.01 0.02
0 0.0025000000000000001
0.34000000000000002 0.35000000000000003
0 0.01
0 0.0025000000000000001
0.35000000000000003 0.35999999999999999
0 0.01
0 0.0025000000000000001
0.34000000000000002 0.35000000000000003
0.01 0.02
0 0.0025000000000000001
0.35000000000000003 0.35999999999999999
0.01 0.02
0 0.0025000000000000001
0.32000000000000001 0.33000000000000002
0.02 0.029999999999999999
0 0.0025000000000000001
0.33000000000000002 0.34000000000000002
0.02 0.029999999999999999
0 0.0025000000000000001
0.32000000000000001 0.33000000000000002
0.029999999999999999 0.040000000000000001
0 0.0025000000000000001
0.33000000000000002 0.34000000000000002
0.029999999999999999 0.040000000000000001
0 0.0025000000000000001
0.34000000000000002 0.35000000000000003
0.02 0.029999999999999999
0 0.0025000000000000001
0.35000000000000003 0.35999999999999999
0.02 0.029999999999999999
0 0.0025000000000000001
0.34000000000000002 0.35000000000000003
0.029999999999999999 0.040000000000000001
0 0.0025000000000000001
0.35000000000000003 0.35999999999999999
0.029999999999999999 0.040000000000000001
0 0.0025000000000000001
0.35999999999999999 0.37
0 0.01
0 0.0025000000000000001
0.37 0.38
0 0.01
0 0.0025000000000000001
0.35999999999999999 0.37
0.01 0.02
0 0.0025000000000000001
0.37 0.38
0.01 0.02
0 0.0025000000000000001
0.38 0.39000000000000001
0 0.01
0 0.0025000000000000001
0.38 0.39000000000000001
0.01 0.02
0 0.0025000000000000001
0.35999999999999999 0.37
0.02 0.029999999999999999
0 0.0025000000000000001
0.37 0.38
0.02 0.029999999999999999
0 0.0025000000000000001
0.35999999999999999 0.37
0.029999999999999999 0.040000000000000001
0 0.0025000000000000001
0.37 0.38
0.029999999999999999 0.040000000000000001
0 0.0025000000000000001
0.38 0.39000000000000001
0.02 0.029999999999999999
0 0.0025000000000000001
0.38 0.39000000000000001
0.029999999999999999 0.040000000000000001
0 0.0025000000000000001
0.39000000000000001 0.40000000000000002
0 0.01
0 0.0025000000000000001
0.40000000000000002 0.41000000000000003
0 0.01
0 0.0025000000000000001
0.39000000000000001 0.40000000000000002
0.01 0.02
0 0.0025000000000000001
0.40000000000000002 0.41000000000000003
0.01 0.02
0 0.0025000000000000001
0.41000000000000003 0.41999999999999998
0 0.01
0 0.0025000000000000001
0.41000000000000003 0.41999999999999998
0.01 0.02
0 0.0025000000000000001
0.39000000000000001 0.40000000000000002
0.02 0.029999999999999999
0 0.0025000000000000001
0.40000000000000002 0.41000000000000003
0.02 0.029999999999999999
0 0.0025000000000000001
0.39000000000000001 0.40000000000000002
0.029999999999999999 0.040000000000000001
0 0.0025000000000000001
0.40000000000000002 0.41000000000000003
0.029999999999999999 0.040000000000000001
0 0.0025000000000000001
0.41000000000000003 0.41999999999999998
0.02 0.029999999999999999
0 0.0025000000000000001
0.41000000000000003 0.41999999999999998
0.029999999999999999 0.040000000000000001
0 0.0025000000000000001
0.41999999999999998 0.42999999999999999
0 0.01
0 0.0025000000000000001
0.42999999999999999 0.44
0 0.01
0 0.0025000000000000001
0.41999999999999998 0.42999999999999999
0.01 0.02
0 0.0025000000000000001
0.42999999999999999 0.44
0.01 0.02
0 0.0025000000000000001
0.44 0.45000000000000001
0 0.01
0 0.0025000000000000001
0.44 0.45000000000000001
0.01 0.02
0 0.0025000000000000001
0.41999999999999998 0.42999999999999999
0.02 0.029999999999999999
0 0.0025000000000000001
0.42999999999999999 0.44
0.02 0.029999999999999999
0 0.0025000000000000001
0.41999999999999998 0.42999999999999999
0.029999999999999999 0.040000000000000001
0 0.0025000000000000001
0.42999999999999999 0.44
0.029999999999999999 0.040000000000000001
0 0.0025000000000000001
0.44 0.45000000000000001
0.02 0.029999999999999999
0 0.0025000000000000001
0.44 0.45000000000000001
0.029999999999999999 0.040000000000000001
0 0.0025000000000000001
0 0.01
0.040000000000000001 0.050000000000000003
0 0.0025000000000000001
0.01 0.02
0.040000000000000001 0.050000000000000003
0 0.0025000000000000001
0 0.01
0.050000000000000003 0.059999999999999998
0 0.0025000000000000001
0.01 0.02
0.050000000000000003 0.059999999999999998
0 0.0025000000000000001
0.02 0.029999999999999999
0.040000000000000001 0.050000000000000003
0 0.0025000000000000001
0.029999999999999999 0.040000000000000001
0.040000000000000001 0.050000000000000003
0 0.0025000000000000001
0.02 0.029999999999999999
0.050000000000000003 0.059999999999999998
0 0.0025000000000000001
0.029999999999999999 0.040000000000000001
0.050000000000000003 0.059999999999999998
0 0.0025000000000000001
0.040000000000000001 0.050000000000000003
0.040000000000000001 0.050000000000000003
0 0.0025000000000000001
0.050000000000000003 0.059999999999999998
0.040000000000000001 0.050000000000000003
0 0.0025000000000000001
0.040000000000000001 0.050000000000000003
0.050000000000000003 0.059999999999999998
0 0.0025000000000000001
0.050000000000000003 0.059999999999999998
0.050000000000000003 0.059999999999999998
0 0.0025000000000000001
0.059999999999999998 0.070000000000000007
0.040000000000000001 0.050000000000000003
0 0.0025000000000000001
0.070000000000000007 0.080000000000000002
0.040000000000000001 0.050000000000000003
0 0.0025000000000000001
0.059999999999999998 0.070000000000000007
0.050000000000000003 0.059999999999999998
0 0.0025000000000000001
0.070000000000000007 0.080000000000000002
0.050000000000000003 0.059999999999999998
0 0.0025000000000000001
0.080000000000000002 0.089999999999999997
0.040000000000000001 0.050000000000000003
0 0.0025000000000000001
0.089999999999999997 0.10000000000000001
0.040000000000000001 0.050000000000000003
0 0.0025000000000000001
0.080000000000000002 0.089999999999999997
0.050000000000000003 0.059999999999999998
0 0.0025000000000000001
0.089999999999999997 0.10000000000000001
0.050000000000000003 0.059999999999999998
0 0.0025000000000000001
0.10000000000000001 0.11
0.040000000000000001 0.050000000000000003
0 0.0025000000000000001
0.11 0.12
0.040000000000000001 0.050000000000000003
0 0.0025000000000000001
0.10000000000000001 0.11
0.050000000000000003 0.059999999999999998
0 0.0025000000000000001
0.11 0.12
0.050000000000000003 0.059999999999999998
0 0.0025000000000000001
0.12 0.13
0.040000000000000001 0.050000000000000003
0 0.0025000000000000001
0.13 0.14000000000000001
0.040000000000000001 0.050000000000000003
0 0.0025000000000000001
0.12 0.13
0.050000000000000003 0.059999999999999998
0 0.0025000000000000001
0.13 0.14000000000000001
0.050000000000000003 0.059999999999999998
0 0.0025000000000000001
0.14000000000000001 0.14999999999999999
0.040000000000000001 0.050000000000000003
0 0.0025000000000000001
0.14999999999999999 0.16
0.040000000000000001 0.050000000000000003
0 0.0025000000000000001
0.14000000000000001 0.14999999999999999
0.050000000000000003 0.059999999999999998
0 0.0025000000000000001
0.14999999999999999 0.16
0.050000000000000003 0.059999999999999998
0 0.0025000000000000001
0.16 0.17000000000000001
0.040000000000000001 0.050000000000000003
0 0.0025000000000000001
0.17000000000000001 0.17999999999999999
0.040000000000000001 0.050000000000000003
0 0.0025000000000000001
0.16 0.17000000000000001
0.050000000000000003 0.059999999999999998
0 0.0025000000000000001
0.17000000000000001 0.17999999999999999
0.050000000000000003 0.059999999999999998
0 0.0025000000000000001
0.17999999999999999 0.19
0.040000000000000001 0.050000000000000003
0 0.0025000000000000001
0.19 0.20000000000000001
0.040000000000000001 0.050000000000000003
0 0.0025000000000000001
0.17999999999999999 0.19
0.050000000000000003 0.059999999999999998
0 0.0025000000000000001
0.19 0.20000000000000001
0.050000000000000003 0.059999999999999998
0 0.0025000000000000001
0.20000000000000001 0.20999999999999999
0.040000000000000001 0.050000000000000003
0 0.0025000000000000001
0.20999999999999999 0.22
0.040000000000000001 0.050000000000000003
0 0.0025000000000000001
0.20000000000000001 0.20999999999999999
0.050000000000000003 0.059999999999999998
0 0.0025000000000000001
0.20999999999999999 0.22
0.050000000000000003 0.059999999999999998
0 0.0025000000000000001
0.22 0.23000000000000001
0.040000000000000001 0.050000000000000003
0 0.0025000000000000001
0.23000000000000001 0.23999999999999999
0.040000000000000001 0.050000000000000003
0 0.0025000000000000001
0.22 0.23000000000000001
0.050000000000000003 0.059999999999999998
0 0.0025000000000000001
0.23000000000000001 0.23999999999999999
0.050000000000000003 0.059999999999999998
0 0.0025000000000000001
0.23999999999999999 0.25
0.040000000000000001 0.050000000000000003
0 0.0025000000000000001
0.25 0.26000000000000001
0.040000000000000001 0.050000000000000003
0 0.0025000000000000001
0.23999999999999999 0.25
0.050000000000000003 0.059999999999999998
0 0.0025000000000000001
0.25 0.26000000000000001
0.050000000000000003 0.059999999999999998
0 0.0025000000000000001
0.26000000000000001 0.27000000000000002
0.040000000000000001 0.050000000000000003
0 0.0025000000000000001
0.27000000000000002 0.28000000000000003
0.040000000000000001 0.050000000000000003
0 0.0025000000000000001
0.26000000000000001 0.27000000000000002
0.050000000000000003 0.059999999999999998
0 0.0025000000000000001
0.27000000000000002 0.28000000000000003
0.050000000000000003 0.059999999999999998
0 0.0025000000000000001
0.28000000000000003 0.28999999999999998
0.040000000000000001 0.050000000000000003
0 0.0025000000000000001
0.28999999999999998 0.29999999999999999
0.040000000000000001 0.050000000000000003
0 0.0025000000000000001
0.28000000000000003 0.28999999999999998
0.050000000000000003 0.059999999999999998
0 0.0025000000000000001
0.28999999999999998 0.29999999999999999
0.050000000000000003 0.059999999999999998
0 0.0025000000000000001
0.29999999999999999 0.31
0.040000000000000001 0.050000000000000003
0 0.0025000000000000001
0.31 0.32000000000000001
0.040000000000000001 0.050000000000000003
0 0.0025000000000000001
0.29999999999999999 0.31
0.050000000000000003 0.059999999999999998
0 0.0025000000000000001
0.31 0.32000000000000001
0.050000000000000003 0.059999999999999998
0 0.0025000000000000001
0.32000000000000001 0.33000000000000002
0.040000000000000001 0.050000000000000003
0 0.0025000000000000001
0.33000000000000002 0.34000000000000002
0.040000000000000001 0.050000000000000003
0 0.0025000000000000001
0.32000000000000001 0.33000000000000002
0.050000000000000003 0.059999999999999998
0 0.0025000000000000001
0.33000000000000002 0.34000000000000002
0.050000000000000003 0.059999999999999998
0 0.0025000000000000001
0.34000000000000002 0.35000000000000003
0.040000000000000001 0.050000000000000003
0 0.0025000000000000001
0.35000000000000003 0.35999999999999999
0.040000000000000001 0.050000000000000003
0 0.0025000000000000001
0.34000000000000002 0.35000000000000003
0.050000000000000003 0.059999999999999998
0 0.0025000000000000001
0.35000000000000003 0.35999999999999999
0.050000000000000003 0.059999999999999998
0 0.0025000000000000001
0.35999999999999999 0.37
0.040000000000000001 0.050000000000000003
0 0.0025000000000000001
0.37 0.38
0.040000000000000001 0.050000000000000003
0 0.0025000000000000001
0.35999999999999999 0.37
0.050000000000000003 0.059999999999999998
0 0.0025000000000000001
0.37 0.38
0.050000000000000003 0.059999999999999998
0 0.0025000000000000001
0.38 0.39000000000000001
0.040000000000000001 0.050000000000000003
0 0.0025000000000000001
0.38 0.39000000000000001
0.050000000000000003 0.059999999999999998
0 0.0025000000000000001
0.39000000000000001 0.40000000000000002
0.040000000000000001 0.050000000000000003
0 0.0025000000000000001
0.40000000000000002 0.41000000000000003
0.040000000000000001 0.050000000000000003
0 0.0025000000000000001
0.39000000000000001 0.40000000000000002
0.050000000000000003 0.059999999999999998
0 0.0025000000000000001
0.40000000000000002 0.41000000000000003
0.050000000000000003 0.059999999999999998
0 0.0025000000000000001
0.41000000000000003 0.41999999999999998
0.040000000000000001 0.050000000000000003
0 0.0025000000000000001
0.41000000000000003 0.41999999999999998
0.050000000000000003 0.059999999999999998
0 0.0025000000000000001
0.41999999999999998 0.42999999999999999
0.040000000000000001 0.050000000000000003
0 0.0025000000000000001
0.42999999999999999 0.44
0.040000000000000001 0.050000000000000003
0 0.0025000000000000001
0.41999999999999998 0.42999999999999999
0.050000000000000003 0.059999999999999998
0 0.0025000000000000001
0.42999999999999999 0.44
0.050000000000000003 0.059999999999999998
0 0.0025000000000000001
0.44 0.45000000000000001
0.040000000000000001 0.050000000000000003
0 0.0025000000000000001
0.44 0.45000000000000001
0.050000000000000003 0.059999999999999998
0 0.0025000000000000001
Level_0/Cell
1 372 0
0
0.01 0.012500000000000001
0 0.00125
0 0.00125
0.01 0.012500000000000001
0.00125 0.0025000000000000001
0 0.00125
0.01 0.012500000000000001
0 0.00125
0.00125 0.0025000000000000001
0.01 0.012500000000000001
0.00125 0.0025000000000000001
0.00125 0.0025000000000000001
0.012500000000000001 0.014999999999999999
0 0.00125
0 0.00125
0.012500000000000001 0.014999999999999999
0.00125 0.0025000000000000001
0 0.00125
0.012500000000000001 0.014999999999999999
0 0.00125
0.00125 0.0025000000000000001
0.012500000000000001 0.014999999999999999
0.00125 0.0025000000000000001
0.00125 0.0025000000000000001
0.01 0.012500000000000001
0.0025000000000000001 0.0037499999999999999
0 0.00125
0.01 0.012500000000000001
0.0037499999999999999 0.0050000000000000001
0 0.00125
0.01 0.012500000000000001
0.0025000000000000001 0.0037499999999999999
0.00125 0.0025000000000000001
0.01 0.012500000000000001
0.0037499999999999999 0.0050000000000000001
0.00125 0.0025000000000000001
0.012500000000000001 0.014999999999999999
0.0025000000000000001 0.0037499999999999999
0 0.00125
0.012500000000000001 0.014999999999999999
0.0037499999999999999 0.0050000000000000001
0 0.00125
0.012500000000000001 0.014999999999999999
0.0025000000000000001 0.0037499999999999999
0.00125 0.0025000000000000001
0.012500000000000001 0.014999999999999999
0.0037499999999999999 0.0050000000000000001
0.00125 0.0025000000000000001
0.01 0.012500000000000001
0.0050000000000000001 0.0062500000000000003
0 0.00125
0.01 0.012500000000000001
0.0062500000000000003 0.0074999999999999997
0 0.00125
0.01 0.012500000000000001
0.0050000000000000001 0.0062500000000000003
0.00125 0.0025000000000000001
0.01 0.012500000000000001
0.0062500000000000003 0.0074999999999999997
0.00125 0.0025000000000000001
0.012500000000000001 0.014999999999999999
0.0050000000000000001 0.0062500000000000003
0 0.00125
0.012500000000000001 0.014999999999999999
0.0062500000000000003 0.0074999999999999997
0 0.00125
0.012500000000000001 0.014999999999999999
0.0050000000000000001 0.0062500000000000003
0.00125 0.0025000000000000001
0.012500000000000001 0.014999999999999999
0.0062500000000000003 0.0074999999999999997
0.00125 0.0025000000000000001
0.01 0.012500000000000001
0.0074999999999999997 0.0087500000000000008
0 0.00125
0.01 0.012500000000000001
0.0074999999999999997 0.0087500000000000008
0.00125 0.0025000000000000001
0.012500000000000001 0.014999999999999999
0.0074999999999999997 0.0087500000000000008
0 0.00125
0.012500000000000001 0.014999999999999999
0.0074999999999999997 0.0087500000000000008
0.00125 0.0025000000000000001
0.01 0.012500000000000001
0.0087500000000000008 0.01
0 0.00125
0.01 0.012500000000000001
0.01 0.01125
0 0.00125
0.01 0.012500000000000001
0.0087500000000000008 0.01
0.00125 0.0025000000000000001
0.01 0.012500000000000001
0.01 0.01125
0.00125 0.0025000000000000001
0.012500000000000001 0.014999999999999999
0.0087500000000000008 0.01
0 0.00125
0.012500000000000001 0.014999999999999999
0.01 0.01125
0 0.00125
0.012500000000000001 0.014999999999999999
0.0087500000000000008 0.01
0.00125 0.0025000000000000001
0.012500000000000001 0.014999999999999999
0.01 0.01125
0.00125 0.0025000000000000001
0.01 0.012500000000000001
0.01125 0.012500000000000001
0 0.00125
0.01 0.012500000000000001
0.012500000000000001 0.01375
0 0.00125
0.01 0.012500000000000001
0.01125 0.012500000000000001
0.00125 0.0025000000000000001
0.01 0.012500000000000001
0.012500000000000001 0.01375
0.00125 0.0025000000000000001
0.012500000000000001 0.014999999999999999
0.01125 0.012500000000000001
0 0.00125
0.012500000000000001 0.014999999999999999
0.012500000000000001 0.01375
0 0.00125
0.012500000000000001 0.014999999999999999
0.01125 0.012500000000000001
0.00125 0.0025000000000000001
0.012500000000000001 0.014999999999999999
0.012500000000000001 0.01375
0.00125 0.0025000000000000001
0.014999999999999999 0.017500000000000002
0.0087500000000000008 0.01
0 0.00125
0.014999999999999999 0.017500000000000002
0.01 0.01125
0 0.00125
0.014999999999999999 0.017500000000000002
0.0087500000000000008 0.01
0.00125 0.0025000000000000001
0.014999999999999999 0.017500000000000002
0.01 0.01125
0.00125 0.0025000000000000001
0.017500000000000002 0.02
0.0087500000000000008 0.01
0 0.00125
0.017500000000000002 0.02
0.01 0.01125
0 0.00125
0.017500000000000002 0.02
0.0087500000000000008 0.01
0.00125 0.0025000000000000001
0.017500000000000002 0.02
0.01 0.01125
0.00125 0.0025000000000000001
0.014999999999999999 0.017500000000000002
0.01125 0.012500000000000001
0 0.00125
0.014999999999999999 0.017500000000000002
0.012500000000000001 0.01375
0 0.00125
0.014999999999999999 0.017500000000000002
0.01125 0.012500000000000001
0.00125 0.0025000000000000001
0.014999999999999999 0.017500000000000002
0.012500000000000001 0.01375
0.00125 0.0025000000000000001
0.017500000000000002 0.02
0.01125 0.012500000000000001
0 0.00125
0.017500000000000002 0.02
0.012500000000000001 0.01375
0 0.00125
0.017500000000000002 0.02
0.01125 0.012500000000000001
0.00125 0.0025000000000000001
0.017500000000000002 0.02
0.012500000000000001 0.01375
0.00125 0.0025000000000000001
0.01 0.012500000000000001
0.01375 0.014999999999999999
0 0.00125
0.01 0.012500000000000001
0.014999999999999999 0.016250000000000001
0 0.00125
0.01 0.012500000000000001
0.01375 0.014999999999999999
0.00125 0.0025000000000000001
0.01 0.012500000000000001
0.014999999999999999 0.016250000000000001
0.00125 0.0025000000000000001
0.012500000000000001 0.014999999999999999
0.01375 0.014999999999999999
0 0.00125
0.012500000000000001 0.014999999999999999
0.014999999999999999 0.016250000000000001
0 0.00125
0.012500000000000001 0.014999999999999999
0.01375 0.014999999999999999
0.00125 0.0025000000000000001
0.012500000000000001 0.014999999999999999
0.014999999999999999 0.016250000000000001
0.00125 0.0025000000000000001
0.014999999999999999 0.017500000000000002
0.01375 0.014999999999999999
0 0.00125
0.014999999999999999 0.017500000000000002
0.014999999999999999 0.016250000000000001
0 0.00125
0.014999999999999999 0.017500000000000002
0.01375 0.014999999999999999
0.00125 0.0025000000000000001
0.014999999999999999 0.017500000000000002
0.014999999999999999 0.016250000000000001
0.00125 0.0025000000000000001
0.017500000000000002 0.02
0.01375 0.014999999999999999
0 0.00125
0.017500000000000002 0.02
0.014999999999999999 0.016250000000000001
0 0.00125
0.017500000000000002 0.02
0.01375 0.014999999999999999
0.00125 0.0025000000000000001
0.017500000000000002 0.02
0.014999999999999999 0.016250000000000001
0.00125 0.0025000000000000001
0.02 0.022499999999999999
0.0087500000000000008 0.01
0 0.00125
0.02 0.022499999999999999
0.01 0.01125
0 0.00125
0.02 0.022499999999999999
0.0087500000000000008 0.01
0.00125 0.0025000000000000001
0.02 0.022499999999999999
0.01 0.01125
0.00125 0.0025000000000000001
0.022499999999999999 0.025000000000000001
0.0087500000000000008 0.01
0 0.00125
0.022499999999999999 0.025000000000000001
0.01 0.01125
0 0.00125
0.022499999999999999 0.025000000000000001
0.0087500000000000008 0.01
0.00125 0.0025000000000000001
0.022499999999999999 0.025000000000000001
0.01 0.01125
0.00125 0.0025000000000000001
0.02 0.022499999999999999
0.01125 0.012500000000000001
0 0.00125
0.02 0.022499999999999999
0.012500000000000001 0.01375
0 0.00125
0.02 0.022499999999999999
0.01125 0.012500000000000001
0.00125 0.0025000000000000001
0.02 0.022499999999999999
0.012500000000000001 0.01375
0.00125 0.0025000000000000001
0.022499999999999999 0.025000000000000001
0.01125 0.012500000000000001
0 0.00125
0.022499999999999999 0.025000000000000001
0.012500000000000001 0.01375
0 0.00125
0.022499999999999999 0.025000000000000001
0.01125 0.012500000000000001
0.00125 0.0025000000000000001
0.022499999999999999 0.025000000000000001
0.012500000000000001 0.01375
0.00125 0.0025000000000000001
0.02 0.022499999999999999
0.01375 0.014999999999999999
0 0.00125
0.02 0.022499999999999999
0.014999999999999999 0.016250000000000001
0 0.00125
0.02 0.022499999999999999
0.01375 0.014999999999999999
0.00125 0.0025000000000000001
0.02 0.022499999999999999
0.014999999999999999 0.016250000000000001
0.00125 0.0025000000000000001
0.022499999999999999 0.025000000000000001
0.01375 0.014999999999999999
0 0.00125
0.022499999999999999 0.025000000000000001
0.014999999999999999 0.016250000000000001
0 0.00125
0.022499999999999999 0.025000000000000001
0.01375 0.014999999999999999
0.00125 0.0025000000000000001
0.022499999999999999 0.025000000000000001
0.014999999999999999 0.016250000000000001
0.00125 0.0025000000000000001
0.01 0.012500000000000001
0.016250000000000001 0.017500000000000002
0 0.00125
0.01 0.012500000000000001
0.017500000000000002 0.018749999999999999
0 0.00125
0.01 0.012500000000000001
0.016250000000000001 0.017500000000000002
0.00125 0.0025000000000000001
0.01 0.012500000000000001
0.017500000000000002 0.018749999999999999
0.00125 0.0025000000000000001
0.012500000000000001 0.014999999999999999
0.016250000000000001 0.017500000000000002
0 0.00125
0.012500000000000001 0.014999999999999999
0.017500000000000002 0.018749999999999999
0 0.00125
0.012500000000000001 0.014999999999999999
0.016250000000000001 0.017500000000000002
0.00125 0.0025000000000000001
0.012500000000000001 0.014999999999999999
0.017500000000000002 0.018749999999999999
0.00125 0.0025000000000000001
0.01 0.012500000000000001
0.018749999999999999 0.02
0 0.00125
0.01 0.012500000000000001
0.02 0.021250000000000002
0 0.00125
0.01 0.012500000000000001
0.018749999999999999 0.02
0.00125 0.0025000000000000001
0.01 0.012500000000000001
0.02 0.021250000000000002
0.00125 0.0025000000000000001
0.012500000000000001 0.014999999999999999
0.018749999999999999 0.02
0 0.00125
0.012500000000000001 0.014999999999999999
0.02 0.021250000000000002
0 0.00125
0.012500000000000001 0.014999999999999999
0.018749999999999999 0.02
0.00125 0.0025000000000000001
0.012500000000000001 0.014999999999999999
0.02 0.021250000000000002
0.00125 0.0025000000000000001
0.014999999999999999 0.017500000000000002
0.016250000000000001 0.017500000000000002
0 0.00125
0.014999999999999999 0.017500000000000002
0.017500000000000002 0.018749999999999999
0 0.00125
0.014999999999999999 0.017500000000000002
0.016250000000000001 0.017500000000000002
0.00125 0.0025000000000000001
0.014999999999999999 0.017500000000000002
0.017500000000000002 0.018749999999999999
0.00125 0.0025000000000000001
0.017500000000000002 0.02
0.016250000000000001 0.017500000000000002
0 0.00125
0.017500000000000002 0.02
0.017500000000000002 0.018749999999999999
0 0.00125
0.017500000000000002 0.02
0.016250000000000001 0.017500000000000002
0.00125 0.0025000000000000001
0.017500000000000002 0.02
0.017500000000000002 0.018749999999999999
0.00125 0.0025000000000000001
0.014999999999999999 0.017500000000000002
0.018749999999999999 0.02
0 0.00125
0.014999999999999999 0.017500000000000002
0.02 0.021250000000000002
0 0.00125
0.014999999999999999 0.017500000000000002
0.018749999999999999 0.02
0.00125 0.0025000000000000001
0.014999999999999999 0.017500000000000002
0.02 0.021250000000000002
0.00125 0.0025000000000000001
0.017500000000000002 0.02
0.018749999999999999 0.02
0 0.00125
0.017500000000000002 0.02
0.02 0.021250000000000002
0 0.00125
0.017500000000000002 0.02
0.018749999999999999 0.02
0.00125 0.0025000000000000001
0.017500000000000002 0.02
0.02 0.021250000000000002
0.00125 0.0025000000000000001
0.02 0.022499999999999999
0.016250000000000001 0.017500000000000002
0 0.00125
0.02 0.022499999999999999
0.017500000000000002 0.018749999999999999
0 0.00125
0.02 0.022499999999999999
0.016250000000000001 0.017500000000000002
0.00125 0.0025000000000000001
0.02 0.022499999999999999
0.017500000000000002 0.018749999999999999
0.00125 0.0025000000000000001
0.022499999999999999 0.025000000000000001
0.016250000000000001 0.017500000000000002
0 0.00125
0.022499999999999999 0.025000000000000001
0.017500000000000002 0.018749999999999999
0 0.00125
0.022499999999999999 0.025000000000000001
0.016250000000000001 0.017500000000000002
0.00125 0.0025000000000000001
0.022499999999999999 0.025000000000000001
0.017500000000000002 0.018749999999999999
0.00125 0.0025000000000000001
0.02 0.022499999999999999
0.018749999999999999 0.02
0 0.00125
0.02 0.022499999999999999
0.02 0.021250000000000002
0 0.00125
0.02 0.022499999999999999
0.018749999999999999 0.02
0.00125 0.0025000000000000001
0.02 0.022499999999999999
0.02 0.021250000000000002
0.00125 0.0025000000000000001
0.022499999999999999 0.025000000000000001
0.018749999999999999 0.02
0 0.00125
0.022499999999999999 0.025000000000000001
0.02 0.021250000000000002
0 0.00125
0.022499999999999999 0.025000000000000001
0.018749999999999999 0.02
0.00125 0.0025000000000000001
0.022499999999999999 0.025000000000000001
0.02 0.021250000000000002
0.00125 0.0025000000000000001
0.01 0.012500000000000001
0.021250000000000002 0.022499999999999999
0 0.00125
0.01 0.012500000000000001
0.022499999999999999 0.02375
0 0.00125
0.01 0.012500000000000001
0.021250000000000002 0.022499999999999999
0.00125 0.0025000000000000001
0.01 0.012500000000000001
0.022499999999999999 0.02375
0.00125 0.0025000000000000001
0.012500000000000001 0.014999999999999999
0.021250000000000002 0.022499999999999999
0 0.00125
0.012500000000000001 0.014999999999999999
0.022499999999999999 0.02375
0 0.00125
0.012500000000000001 0.014999999999999999
0.021250000000000002 0.022499999999999999
0.00125 0.0025000000000000001
0.012500000000000001 0.014999999999999999
0.022499999999999999 0.02375
0.00125 0.0025000000000000001
0.01 0.012500000000000001
0.02375 0.025000000000000001
0 0.00125
0.01 0.012500000000000001
0.025000000000000001 0.026249999999999999
0 0.00125
0.01 0.012500000000000001
0.02375 0.025000000000000001
0.00125 0.0025000000000000001
0.01 0.012500000000000001
0.025000000000000001 0.026249999999999999
0.00125 0.0025000000000000001
0.012500000000000001 0.014999999999999999
0.02375 0.025000000000000001
0 0.00125
0.012500000000000001 0.014999999999999999
0.025000000000000001 0.026249999999999999
0 0.00125
0.012500000000000001 0.014999999999999999
0.02375 0.025000000000000001
0.00125 0.0025000000000000001
0.012500000000000001 0.014999999999999999
0.025000000000000001 0.026249999999999999
0.00125 0.0025000000000000001
0.01 0.012500000000000001
0.026249999999999999 0.0275
0 0.00125
0.01 0.012500000000000001
0.0275 0.028750000000000001
0 0.00125
0.01 0.012500000000000001
0.026249999999999999 0.0275
0.00125 0.0025000000000000001
0.01 0.012500000000000001
0.0275 0.028750000000000001
0.00125 0.0025000000000000001
0.012500000000000001 0.014999999999999999
0.026249999999999999 0.0275
0 0.00125
0.012500000000000001 0.014999999999999999
0.0275 0.028750000000000001
0 0.00125
0.012500000000000001 0.014999999999999999
0.026249999999999999 0.0275
0.00125 0.0025000000000000001
0.012500000000000001 0.014999999999999999
0.0275 0.028750000000000001
0.00125 0.0025000000000000001
0.01 0.012500000000000001
0.028750000000000001 0.029999999999999999
0 0.00125
0.01 0.012500000000000001
0.028750000000000001 0.029999999999999999
0.00125 0.0025000000000000001
0.012500000000000001 0.014999999999999999
0.028750000000000001 0.029999999999999999
0 0.00125
0.012500000000000001 0.014999999999999999
0.028750000000000001 0.029999999999999999
0.00125 0.0025000000000000001
0.01 0.012500000000000001
0.029999999999999999 0.03125
0 0.00125
0.01 0.012500000000000001
0.03125 0.032500000000000001
0 0.00125
0.01 0.012500000000000001
0.029999999999999999 0.03125
0.00125 0.0025000000000000001
0.01 0.012500000000000001
0.03125 0.032500000000000001
0.00125 0.0025000000000000001
0.012500000000000001 0.014999999999999999
0.029999999999999999 0.03125
0 0.00125
0.012500000000000001 0.014999999999999999
0.03125 0.032500000000000001
0 0.00125
0.012500000000000001 0.014999999999999999
0.029999999999999999 0.03125
0.00125 0.0025000000000000001
0.012500000000000001 0.014999999999999999
0.03125 0.032500000000000001
0.00125 0.0025000000000000001
0.01 0.012500000000000001
0.032500000000000001 0.033750000000000002
0 0.00125
0.01 0.012500000000000001
0.033750000000000002 0.035000000000000003
0 0.00125
0.01 0.012500000000000001
0.032500000000000001 0.033750000000000002
0.00125 0.0025000000000000001
0.01 0.012500000000000001
0.033750000000000002 0.035000000000000003
0.00125 0.0025000000000000001
0.012500000000000001 0.014999999999999999
0.032500000000000001 0.033750000000000002
0 0.00125
0.012500000000000001 0.014999999999999999
0.033750000000000002 0.035000000000000003
0 0.00125
0.012500000000000001 0.014999999999999999
0.032500000000000001 0.033750000000000002
0.00125 0.0025000000000000001
0.012500000000000001 0.014999999999999999
0.033750000000000002 0.035000000000000003
0.00125 0.0025000000000000001
0.01 0.012500000000000001
0.035000000000000003 0.036249999999999998
0 0.00125
0.01 0.012500000000000001
0.036249999999999998 0.037499999999999999
0 0.00125
0.01 0.012500000000000001
0.035000000000000003 0.036249999999999998
0.00125 0.0025000000000000001
0.01 0.012500000000000001
0.036249999999999998 0.037499999999999999
0.00125 0.0025000000000000001
0.012500000000000001 0.014999999999999999
0.035000000000000003 0.036249999999999998
0 0.00125
0.012500000000000001 0.014999999999999999
0.036249999999999998 0.037499999999999999
0 0.00125
0.012500000000000001 0.014999999999999999
0.035000000000000003 0.036249999999999998
0.00125 0.0025000000000000001
0.012500000000000001 0.014999999999999999
0.036249999999999998 0.037499999999999999
0.00125 0.0025000000000000001
0.01 0.012500000000000001
0.037499999999999999 0.03875
0 0.00125
0.01 0.012500000000000001
0.03875 0.040000000000000001
0 0.00125
0.01 0.012500000000000001
0.037499999999999999 0.03875
0.00125 0.0025000000000000001
0.01 0.012500000000000001
0.03875 0.040000000000000001
0.00125 0.0025000000000000001
0.012500000000000001 0.014999999999999999
0.037499999999999999 0.03875
0 0.00125
0.012500000000000001 0.014999999999999999
0.03875 0.040000000000000001
0 0.00125
0.012500000000000001 0.014999999999999999
0.037499999999999999 0.03875
0.00125 0.0025000000000000001
0.012500000000000001 0.014999999999999999
0.03875 0.040000000000000001
0.00125 0.0025000000000000001
0.01 0.012500000000000001
0.040000000000000001 0.041250000000000002
0 0.00125
0.01 0.012500000000000001
0.041250000000000002 0.042500000000000003
0 0.00125
0.01 0.012500000000000001
0.040000000000000001 0.041250000000000002
0.00125 0.0025000000000000001
0.01 0.012500000000000001
0.041250000000000002 0.042500000000000003
0.00125 0.0025000000000000001
0.012500000000000001 0.014999999999999999
0.040000000000000001 0.041250000000000002
0 0.00125
0.012500000000000001 0.014999999999999999
0.041250000000000002 0.042500000000000003
0 0.00125
0.012500000000000001 0.014999999999999999
0.040000000000000001 0.041250000000000002
0.00125 0.0025000000000000001
0.012500000000000001 0.014999999999999999
0.041250000000000002 0.042500000000000003
0.00125 0.0025000000000000001
0.014999999999999999 0.017500000000000002
0.037499999999999999 0.03875
0 0.00125
0.014999999999999999 0.017500000000000002
0.03875 0.040000000000000001
0 0.00125
0.014999999999999999 0.017500000000000002
0.037499999999999999 0.03875
0.00125 0.0025000000000000001
0.014999999999999999 0.017500000000000002
0.03875 0.040000000000000001
0.00125 0.0025000000000000001
0.017500000000000002 0.018749999999999999
0.037499999999999999 0.03875
0 0.00125
0.017500000000000002 0.018749999999999999
0.03875 0.040000000000000001
0 0.00125
0.017500000000000002 0.018749999999999999
0.037499999999999999 0.03875
0.00125 0.0025000000000000001
0.017500000000000002 0.018749999999999999
0.03875 0.040000000000000001
0.00125 0.0025000000000000001
0.014999999999999999 0.017500000000000002
0.040000000000000001 0.041250000000000002
0 0.00125
0.014999999999999999 0.017500000000000002
0.041250000000000002 0.042500000000000003
0 0.00125
0.014999999999999999 0.017500000000000002
0.040000000000000001 0.041250000000000002
0.00125 0.0025000000000000001
0.014999999999999999 0.017500000000000002
0.041250000000000002 0.042500000000000003
0.00125 0.0025000000000000001
0.017500000000000002 0.018749999999999999
0.040000000000000001 0.041250000000000002
0 0.00125
0.017500000000000002 0.018749999999999999
0.041250000000000002 0.042500000000000003
0 0.00125
0.017500000000000002 0.018749999999999999
0.040000000000000001 0.041250000000000002
0.00125 0.0025000000000000001
0.017500000000000002 0.018749999999999999
0.041250000000000002 0.042500000000000003
0.00125 0.0025000000000000001
0.01 0.012500000000000001
0.042500000000000003 0.043750000000000004
0 0.00125
0.01 0.012500000000000001
0.043750000000000004 0.044999999999999998
0 0.00125
0.01 0.012500000000000001
0.042500000000000003 0.043750000000000004
0.00125 0.0025000000000000001
0.01 0.012500000000000001
0.043750000000000004 0.044999999999999998
0.00125 0.0025000000000000001
0.012500000000000001 0.014999999999999999
0.042500000000000003 0.043750000000000004
0 0.00125
0.012500000000000001 0.014999999999999999
0.043750000000000004 0.044999999999999998
0 0.00125
0.012500000000000001 0.014999999999999999
0.042500000000000003 0.043750000000000004
0.00125 0.0025000000000000001
0.012500000000000001 0.014999999999999999
0.043750000000000004 0.044999999999999998
0.00125 0.0025000000000000001
0.014999999999999999 0.017500000000000002
0.042500000000000003 0.043750000000000004
0 0.00125
0.014999999999999999 0.017500000000000002
0.043750000000000004 0.044999999999999998
0 0.00125
0.014999999999999999 0.017500000000000002
0.042500000000000003 0.043750000000000004
0.00125 0.0025000000000000001
0.014999999999999999 0.017500000000000002
0.043750000000000004 0.044999999999999998
0.00125 0.0025000000000000001
0.017500000000000002 0.018749999999999999
0.042500000000000003 0.043750000000000004
0 0.00125
0.017500000000000002 0.018749999999999999
0.043750000000000004 0.044999999999999998
0 0.00125
0.017500000000000002 0.018749999999999999
0.042500000000000003 0.043750000000000004
0.00125 0.0025000000000000001
0.017500000000000002 0.018749999999999999
0.043750000000000004 0.044999999999999998
0.00125 0.0025000000000000001
0.018749999999999999 0.021250000000000002
0.037499999999999999 0.03875
0 0.00125
0.018749999999999999 0.021250000000000002
0.03875 0.040000000000000001
0 0.00125
0.018749999999999999 0.021250000000000002
0.037499999999999999 0.03875
0.00125 0.0025000000000000001
0.018749999999999999 0.021250000000000002
0.03875 0.040000000000000001
0.00125 0.0025000000000000001
0.021250000000000002 0.02375
0.037499999999999999 0.03875
0 0.00125
0.021250000000000002 0.02375
0.03875 0.040000000000000001
0 0.00125
0.021250000000000002 0.02375
0.037499999999999999 0.03875
0.00125 0.0025000000000000001
0.021250000000000002 0.02375
0.03875 0.040000000000000001
0.00125 0.0025000000000000001
0.018749999999999999 0.021250000000000002
0.040000000000000001 0.041250000000000002
0 0.00125
0.018749999999999999 0.021250000000000002
0.041250000000000002 0.042500000000000003
0 0.00125
0.018749999999999999 0.021250000000000002
0.040000000000000001 0.041250000000000002
0.00125 0.0025000000000000001
0.018749999999999999 0.021250000000000002
0.041250000000000002 0.042500000000000003
0.00125 0.0025000000000000001
0.021250000000000002 0.02375
0.040000000000000001 0.041250000000000002
0 0.00125
0.021250000000000002 0.02375
0.041250000000000002 0.042500000000000003
0 0.00125
0.021250000000000002 0.02375
0.040000000000000001 0.041250000000000002
0.00125 0.0025000000000000001
0.021250000000000002 0.02375
0.041250000000000002 0.042500000000000003
0.00125 0.0025000000000000001
0.02375 0.026249999999999999
0.037499999999999999 0.03875
0 0.00125
0.02375 0.026249999999999999
0.03875 0.040000000000000001
0 0.00125
0.02375 0.026249999999999999
0.037499999999999999 0.03875
0.00125 0.0025000000000000001
0.02375 0.026249999999999999
0.03875 0.040000000000000001
0.00125 0.0025000000000000001
0.02375 0.026249999999999999
0.040000000000000001 0.041250000000000002
0 0.00125
0.02375 0.026249999999999999
0.041250000000000002 0.042500000000000003
0 0.00125
0.02375 0.026249999999999999
0.040000000000000001 0.041250000000000002
0.00125 0.0025000000000000001
0.02375 0.026249999999999999
0.041250000000000002 0.042500000000000003
0.00125 0.0025000000000000001
0.018749999999999999 0.021250000000000002
0.042500000000000003 0.043750000000000004
0 0.00125
0.018749999999999999 0.021250000000000002
0.043750000000000004 0.044999999999999998
0 0.00125
0.018749999999999999 0.021250000000000002
0.042500000000000003 0.043750000000000004
0.00125 0.0025000000000000001
0.018749999999999999 0.021250000000000002
0.043750000000000004 0.044999999999999998
0.00125 0.0025000000000000001
0.021250000000000002 0.02375
0.042500000000000003 0.043750000000000004
0 0.00125
0.021250000000000002 0.02375
0.043750000000000004 0.044999999999999998
0 0.00125
0.021250000000000002 0.02375
0.042500000000000003 0.043750000000000004
0.00125 0.0025000000000000001
0.021250000000000002 0.02375
0.043750000000000004 0.044999999999999998
0.00125 0.0025000000000000001
0.02375 0.026249999999999999
0.042500000000000003 0.043750000000000004
0 0.00125
0.02375 0.026249999999999999
0.043750000000000004 0.044999999999999998
0 0.00125
0.02375 0.026249999999999999
0.042500000000000003 0.043750000000000004
0.00125 0.0025000000000000001
0.02375 0.026249999999999999
0.043750000000000004 0.044999999999999998
0.00125 0.0025000000000000001
0.01 0.012500000000000001
0.044999999999999998 0.046249999999999999
0 0.00125
0.01 0.012500000000000001
0.046249999999999999 0.047500000000000001
0 0.00125
0.01 0.012500000000000001
0.044999999999999998 0.046249999999999999
0.00125 0.0025000000000000001
0.01 0.012500000000000001
0.046249999999999999 0.047500000000000001
0.00125 0.0025000000000000001
0.012500000000000001 0.014999999999999999
0.044999999999999998 0.046249999999999999
0 0.00125
0.012500000000000001 0.014999999999999999
0.046249999999999999 0.047500000000000001
0 0.00125
0.012500000000000001 0.014999999999999999
0.044999999999999998 0.046249999999999999
0.00125 0.0025000000000000001
0.012500000000000001 0.014999999999999999
0.046249999999999999 0.047500000000000001
0.00125 0.0025000000000000001
0.01 0.012500000000000001
0.047500000000000001 0.048750000000000002
0 0.00125
0.01 0.012500000000000001
0.048750000000000002 0.050000000000000003
0 0.00125
0.01 0.012500000000000001
0.047500000000000001 0.048750000000000002
0.00125 0.0025000000000000001
0.01 0.012500000000000001
0.048750000000000002 0.050000000000000003
0.00125 0.0025000000000000001
0.012500000000000001 0.014999999999999999
0.047500000000000001 0.048750000000000002
0 0.00125
0.012500000000000001 0.014999999999999999
0.048750000000000002 0.050000000000000003
0 0.00125
0.012500000000000001 0.014999999999999999
0.047500000000000001 0.048750000000000002
0.00125 0.0025000000000000001
0.012500000000000001 0.014999999999999999
0.048750000000000002 0.050000000000000003
0.00125 0.0025000000000000001
0.014999999999999999 0.017500000000000002
0.044999999999999998 0.046249999999999999
0 0.00125
0.014999999999999999 0.017500000000000002
0.046249999999999999 0.047500000000000001
0 0.00125
0.014999999999999999 0.017500000000000002
0.044999999999999998 0.046249999999999999
0.00125 0.0025000000000000001
0.014999999999999999 0.017500000000000002
0.046249999999999999 0.047500000000000001
0.00125 0.0025000000000000001
0.017500000000000002 0.018749999999999999
0.044999999999999998 0.046249999999999999
0 0.00125
0.017500000000000002 0.018749999999999999
0.046249999999999999 0.047500000000000001
0 0.00125
0.017500000000000002 0.018749999999999999
0.044999999999999998 0.046249999999999999
0.00125 0.0025000000000000001
0.017500000000000002 0.018749999999999999
0.046249999999999999 0.047500000000000001
0.00125 0.0025000000000000001
0.014999999999999999 0.017500000000000002
0.047500000000000001 0.048750000000000002
0 0.00125
0.014999999999999999 0.017500000000000002
0.048750000000000002 0.050000000000000003
0 0.00125
0.014999999999999999 0.017500000000000002
0.047500000000000001 0.048750000000000002
0.00125 0.0025000000000000001
0.014999999999999999 0.017500000000000002
0.048750000000000002 0.050000000000000003
0.00125 0.0025000000000000001
0.017500000000000002 0.018749999999999999
0.047500000000000001 0.048750000000000002
0 0.00125
0.017500000000000002 0.018749999999999999
0.048750000000000002 0.050000000000000003
0 0.00125
0.017500000000000002 0.018749999999999999
0.047500000000000001 0.048750000000000002
0.00125 0.0025000000000000001
0.017500000000000002 0.018749999999999999
0.048750000000000002 0.050000000000000003
0.00125 0.0025000000000000001
0.018749999999999999 0.021250000000000002
0.044999999999999998 0.046249999999999999
0 0.00125
0.018749999999999999 0.021250000000000002
0.046249999999999999 0.047500000000000001
0 0.00125
0.018749999999999999 0.021250000000000002
0.044999999999999998 0.046249999999999999
0.00125 0.0025000000000000001
0.018749999999999999 0.021250000000000002
0.046249999999999999 0.047500000000000001
0.00125 0.0025000000000000001
0.021250000000000002 0.02375
0.044999999999999998 0.046249999999999999
0 0.00125
0.021250000000000002 0.02375
0.046249999999999999 0.047500000000000001
0 0.00125
0.021250000000000002 0.02375
0.044999999999999998 0.046249999999999999
0.00125 0.0025000000000000001
0.021250000000000002 0.02375
0.046249999999999999 0.047500000000000001
0.00125 0.0025000000000000001
0.018749999999999999 0.021250000000000002
0.047500000000000001 0.048750000000000002
0 0.00125
0.018749999999999999 0.021250000000000002
0.048750000000000002 0.050000000000000003
0 0.00125
0.018749999999999999 0.021250000000000002
0.047500000000000001 0.048750000000000002
0.00125 0.0025000000000000001
0.018749999999999999 0.021250000000000002
0.048750000000000002 0.050000000000000003
0.00125 0.0025000000000000001
0.021250000000000002 0.02375
0.047500000000000001 0.048750000000000002
0 0.00125
0.021250000000000002 0.02375
0.048750000000000002 0.050000000000000003
0 0.00125
0.021250000000000002 0.02375
0.047500000000000001 0.048750000000000002
0.00125 0.0025000000000000001
0.021250000000000002 0.02375
0.048750000000000002 0.050000000000000003
0.00125 0.0025000000000000001
0.02375 0.026249999999999999
0.044999999999999998 0.046249999999999999
0 0.00125
0.02375 0.026249999999999999
0.046249999999999999 0.047500000000000001
0 0.00125
0.02375 0.026249999999999999
0.044999999999999998 0.046249999999999999
0.00125 0.0025000000000000001
0.02375 0.026249999999999999
0.046249999999999999 0.047500000000000001
0.00125 0.0025000000000000001
0.02375 0.026249999999999999
0.047500000000000001 0.048750000000000002
0 0.00125
0.02375 0.026249999999999999
0.048750000000000002 0.050000000000000003
0 0.00125
0.02375 0.026249999999999999
0.047500000000000001 0.048750000000000002
0.00125 0.0025000000000000001
0.02375 0.026249999999999999
0.048750000000000002 0.050000000000000003
0.00125 0.0025000000000000001
0.01 0.012500000000000001
0.050000000000000003 0.051250000000000004
0 0.00125
0.01 0.012500000000000001
0.051250000000000004 0.052499999999999998
0 0.00125
0.01 0.012500000000000001
0.050000000000000003 0.051250000000000004
0.00125 0.0025000000000000001
0.01 0.012500000000000001
0.051250000000000004 0.052499999999999998
0.00125 0.0025000000000000001
0.012500000000000001 0.014999999999999999
0.050000000000000003 0.051250000000000004
0 0.00125
0.012500000000000001 0.014999999999999999
0.051250000000000004 0.052499999999999998
0 0.00125
0.012500000000000001 0.014999999999999999
0.050000000000000003 0.051250000000000004
0.00125 0.0025000000000000001
0.012500000000000001 0.014999999999999999
0.051250000000000004 0.052499999999999998
0.00125 0.0025000000000000001
0.01 0.012500000000000001
0.052499999999999998 0.053749999999999999
0 0.00125
0.01 0.012500000000000001
0.053749999999999999 0.055
0 0.00125
0.01 0.012500000000000001
0.052499999999999998 0.053749999999999999
0.00125 0.0025000000000000001
0.01 0.012500000000000001
0.053749999999999999 0.055
0.00125 0.0025000000000000001
0.012500000000000001 0.014999999999999999
0.052499999999999998 0.053749999999999999
0 0.00125
0.012500000000000001 0.014999999999999999
0.053749999999999999 0.055
0 0.00125
0.012500000000000001 0.014999999999999999
0.052499999999999998 0.053749999999999999
0.00125 0.0025000000000000001
0.012500000000000001 0.014999999999999999
0.053749999999999999 0.055
0.00125 0.0025000000000000001
0.01 0.012500000000000001
0.055 0.056250000000000001
0 0.00125
0.01 0.012500000000000001
0.056250000000000001 0.057500000000000002
0 0.00125
0.01 0.012500000000000001
0.055 0.056250000000000001
0.00125 0.0025000000000000001
0.01 0.012500000000000001
0.056250000000000001 0.057500000000000002
0.00125 0.0025000000000000001
0.012500000000000001 0.014999999999999999
0.055 0.056250000000000001
0 0.00125
0.012500000000000001 0.014999999999999999
0.056250000000000001 0.057500000000000002
0 0.00125
0.012500000000000001 0.014999999999999999
0.055 0.056250000000000001
0.00125 0.0025000000000000001
0.012500000000000001 0.014999999999999999
0.056250000000000001 0.057500000000000002
0.00125 0.0025000000000000001
0.01 0.012500000000000001
0.057500000000000002 0.058750000000000004
0 0.00125
0.01 0.012500000000000001
0.058750000000000004 0.059999999999999998
0 0.00125
0.01 0.012500000000000001
0.057500000000000002 0.058750000000000004
0.00125 0.0025000000000000001
0.01 0.012500000000000001
0.058750000000000004 0.059999999999999998
0.00125 0.0025000000000000001
0.012500000000000001 0.014999999999999999
0.057500000000000002 0.058750000000000004
0 0.00125
0.012500000000000001 0.014999999999999999
0.058750000000000004 0.059999999999999998
0 0.00125
0.012500000000000001 0.014999999999999999
0.057500000000000002 0.058750000000000004
0.00125 0.0025000000000000001
0.012500000000000001 0.014999999999999999
0.058750000000000004 0.059999999999999998
0.00125 0.0025000000000000001
Level_1/Cell
1.0e-6
1.0e-6
